-10.000000 0.000000 0.000000 0.000000
5 0 0 0
0 0 5 0
0 0 0 5
0.302632 0.555809 0.532510
0.000000 0.000000 0.000000 0.000000
5 0 0 0
0 0 5 0
0 0 0 5
0.262286 0.924489 0.706381
0.000000 0.000000 10.000000 0.000000
5 0 0 0
0 0 5 0
0 0 0 5
0.470198 0.968552 0.037703
10.000000 0.000000 10.000000 0.000000
5 0 0 0
0 0 5 0
0 0 0 5
0.337972 0.727131 0.390671
10.000000 0.000000 20.000000 0.000000
5 0 0 0
0 0 5 0
0 0 0 5
0.572455 0.938856 0.854533
20.000000 0.000000 20.000000 0.000000
5 0 0 0
0 0 5 0
0 0 0 5
0.468384 0.883486 0.464253
20.000000 0.000000 30.000000 0.000000
5 0 0 0
0 0 5 0
0 0 0 5
0.254337 0.657158 0.496631
30.000000 0.000000 30.000000 0.000000
5 0 0 0
0 0 5 0
0 0 0 5
0.054922 0.818270 0.076012
40.000000 0.000000 30.000000 0.000000
5 0 0 0
0 0 5 0
0 0 0 5
0.405417 0.828771 0.688655
50.000000 0.000000 30.000000 0.000000
5 0 0 0
0 0 5 0
0 0 0 5
0.324595 0.935478 0.610169
60.000000 0.000000 30.000000 0.000000
5 0 0 0
0 0 5 0
0 0 0 5
0.238501 0.795974 0.287947
60.000000 0.000000 40.000000 0.000000
5 0 0 0
0 0 5 0
0 0 0 5
0.955644 0.363804 0.110347
60.000000 0.000000 50.000000 0.000000
5 0 0 0
0 0 5 0
0 0 0 5
0.007552 0.508986 0.385118
70.000000 0.000000 50.000000 0.000000
5 0 0 0
0 0 5 0
0 0 0 5
0.249399 0.677879 0.491107
70.000000 0.000000 40.000000 0.000000
5 0 0 0
0 0 5 0
0 0 0 5
0.195633 0.115060 0.775450
80.000000 0.000000 40.000000 0.000000
5 0 0 0
0 0 5 0
0 0 0 5
0.881691 0.321188 0.041962
80.000000 0.000000 30.000000 0.000000
5 0 0 0
0 0 5 0
0 0 0 5
0.327125 0.904503 0.469443
80.000000 0.000000 20.000000 0.000000
5 0 0 0
0 0 5 0
0 0 0 5
0.799156 0.662096 0.763926
90.000000 0.000000 20.000000 0.000000
5 0 0 0
0 0 5 0
0 0 0 5
0.564017 0.243119 0.318183
100.000000 0.000000 20.000000 0.000000
5 0 0 0
0 0 5 0
0 0 0 5
0.977318 0.111674 0.383531
110.000000 0.000000 20.000000 0.000000
5 0 0 0
0 0 5 0
0 0 0 5
0.514402 0.151908 0.039763
110.000000 0.000000 10.000000 0.000000
5 0 0 0
0 0 5 0
0 0 0 5
0.036190 0.168722 0.919413
100.000000 0.000000 10.000000 0.000000
5 0 0 0
0 0 5 0
0 0 0 5
0.513880 0.785219 0.079386
100.000000 0.000000 0.000000 0.000000
5 0 0 0
0 0 5 0
0 0 0 5
0.318905 0.417644 0.894096
90.000000 0.000000 0.000000 0.000000
5 0 0 0
0 0 5 0
0 0 0 5
0.030031 0.653977 0.814280
80.000000 0.000000 0.000000 0.000000
5 0 0 0
0 0 5 0
0 0 0 5
0.181525 0.360668 0.827451
70.000000 0.000000 0.000000 0.000000
5 0 0 0
0 0 5 0
0 0 0 5
0.212195 0.771093 0.079676
70.000000 0.000000 -10.000000 0.000000
5 0 0 0
0 0 5 0
0 0 0 5
0.969575 0.676517 0.988519
60.000000 0.000000 -10.000000 0.000000
5 0 0 0
0 0 5 0
0 0 0 5
0.021450 0.920289 0.943026
60.000000 0.000000 0.000000 0.000000
5 0 0 0
0 0 5 0
0 0 0 5
0.849064 0.262445 0.218276
50.000000 0.000000 0.000000 0.000000
5 0 0 0
0 0 5 0
0 0 0 5
0.672129 0.745562 0.847270
40.000000 0.000000 0.000000 0.000000
5 0 0 0
0 0 5 0
0 0 0 5
0.895489 0.314628 0.546530
30.000000 0.000000 0.000000 0.000000
5 0 0 0
0 0 5 0
0 0 0 5
0.157056 0.042880 0.579942
20.000000 0.000000 0.000000 0.000000
5 0 0 0
0 0 5 0
0 0 0 5
0.843971 0.975936 0.527959
10.000000 0.000000 0.000000 0.000000
5 0 0 0
0 0 5 0
0 0 0 5
0.322116 0.830589 0.973960
10.000000 0.000000 -10.000000 0.000000
5 0 0 0
0 0 5 0
0 0 0 5
0.044013 0.434096 0.672703
0.000000 0.000000 -10.000000 0.000000
5 0 0 0
0 0 5 0
0 0 0 5
0.285135 0.482404 0.602570
-10.000000 0.000000 -10.000000 0.000000
5 0 0 0
0 0 5 0
0 0 0 5
0.921571 0.129281 0.345109
-20.000000 0.000000 -10.000000 0.000000
5 0 0 0
0 0 5 0
0 0 0 5
0.018787 0.518177 0.585491
-20.000000 0.000000 -20.000000 0.000000
5 0 0 0
0 0 5 0
0 0 0 5
0.720909 0.801809 0.988180
-10.000000 0.000000 -20.000000 0.000000
5 0 0 0
0 0 5 0
0 0 0 5
0.835632 0.257387 0.461895
-10.000000 0.000000 -30.000000 0.000000
5 0 0 0
0 0 5 0
0 0 0 5
0.483422 0.582821 0.154251
-20.000000 0.000000 -30.000000 0.000000
5 0 0 0
0 0 5 0
0 0 0 5
0.289253 0.289865 0.756754
-30.000000 0.000000 -30.000000 0.000000
5 0 0 0
0 0 5 0
0 0 0 5
0.483662 0.421309 0.448344
-30.000000 0.000000 -40.000000 0.000000
5 0 0 0
0 0 5 0
0 0 0 5
0.088293 0.648984 0.314008
-40.000000 0.000000 -40.000000 0.000000
5 0 0 0
0 0 5 0
0 0 0 5
0.097036 0.871415 0.424511
-40.000000 0.000000 -30.000000 0.000000
5 0 0 0
0 0 5 0
0 0 0 5
0.278543 0.051674 0.264081
-40.000000 0.000000 -20.000000 0.000000
5 0 0 0
0 0 5 0
0 0 0 5
0.222464 0.593845 0.800054
-40.000000 0.000000 -10.000000 0.000000
5 0 0 0
0 0 5 0
0 0 0 5
0.412317 0.025998 0.532190
-40.000000 0.000000 0.000000 0.000000
5 0 0 0
0 0 5 0
0 0 0 5
0.298229 0.967667 0.735554
-10.000000 -5.000000 0.000000 5.000000
5 0 0 0
0 5 0 0
0 0 5 0
0.915137 0.672760 0.035401
-10.000000 -5.000000 0.000000 -5.000000
5 0 0 0
0 5 0 0
0 0 5 0
0.535142 0.388188 0.811219
0.000000 -5.000000 0.000000 5.000000
5 0 0 0
0 5 0 0
0 0 5 0
0.178193 0.275608 0.503638
0.000000 -5.000000 0.000000 -5.000000
5 0 0 0
0 5 0 0
0 0 5 0
0.559787 0.371425 0.666558
0.000000 -5.000000 10.000000 5.000000
5 0 0 0
0 5 0 0
0 0 5 0
0.487532 0.301260 0.226034
0.000000 -5.000000 10.000000 -5.000000
5 0 0 0
0 5 0 0
0 0 5 0
0.571410 0.352778 0.992663
10.000000 -5.000000 10.000000 5.000000
5 0 0 0
0 5 0 0
0 0 5 0
0.400330 0.115777 0.180338
10.000000 -5.000000 10.000000 -5.000000
5 0 0 0
0 5 0 0
0 0 5 0
0.447470 0.992363 0.497141
10.000000 -5.000000 20.000000 5.000000
5 0 0 0
0 5 0 0
0 0 5 0
0.383127 0.069751 0.260217
10.000000 -5.000000 20.000000 -5.000000
5 0 0 0
0 5 0 0
0 0 5 0
0.800433 0.074167 0.082330
20.000000 -5.000000 20.000000 5.000000
5 0 0 0
0 5 0 0
0 0 5 0
0.056852 0.011968 0.700756
20.000000 -5.000000 20.000000 -5.000000
5 0 0 0
0 5 0 0
0 0 5 0
0.070046 0.811045 0.109418
20.000000 -5.000000 30.000000 5.000000
5 0 0 0
0 5 0 0
0 0 5 0
0.066249 0.370207 0.855876
20.000000 -5.000000 30.000000 -5.000000
5 0 0 0
0 5 0 0
0 0 5 0
0.178377 0.665686 0.468118
30.000000 -5.000000 30.000000 5.000000
5 0 0 0
0 5 0 0
0 0 5 0
0.958615 0.265264 0.504913
30.000000 -5.000000 30.000000 -5.000000
5 0 0 0
0 5 0 0
0 0 5 0
0.773612 0.000045 0.038045
40.000000 -5.000000 30.000000 5.000000
5 0 0 0
0 5 0 0
0 0 5 0
0.063083 0.512889 0.947231
40.000000 -5.000000 30.000000 -5.000000
5 0 0 0
0 5 0 0
0 0 5 0
0.638417 0.486891 0.886767
50.000000 -5.000000 30.000000 5.000000
5 0 0 0
0 5 0 0
0 0 5 0
0.987615 0.505998 0.180258
50.000000 -5.000000 30.000000 -5.000000
5 0 0 0
0 5 0 0
0 0 5 0
0.291568 0.432969 0.595436
60.000000 -5.000000 30.000000 5.000000
5 0 0 0
0 5 0 0
0 0 5 0
0.553515 0.645313 0.372672
60.000000 -5.000000 30.000000 -5.000000
5 0 0 0
0 5 0 0
0 0 5 0
0.750289 0.396650 0.549179
60.000000 -5.000000 40.000000 5.000000
5 0 0 0
0 5 0 0
0 0 5 0
0.900474 0.387574 0.802952
60.000000 -5.000000 40.000000 -5.000000
5 0 0 0
0 5 0 0
0 0 5 0
0.550623 0.533343 0.312683
60.000000 -5.000000 50.000000 5.000000
5 0 0 0
0 5 0 0
0 0 5 0
0.173979 0.931666 0.491325
60.000000 -5.000000 50.000000 -5.000000
5 0 0 0
0 5 0 0
0 0 5 0
0.753543 0.268646 0.607462
70.000000 -5.000000 50.000000 5.000000
5 0 0 0
0 5 0 0
0 0 5 0
0.320205 0.971690 0.848857
70.000000 -5.000000 50.000000 -5.000000
5 0 0 0
0 5 0 0
0 0 5 0
0.219471 0.011821 0.045609
70.000000 -5.000000 40.000000 5.000000
5 0 0 0
0 5 0 0
0 0 5 0
0.164254 0.193608 0.553038
70.000000 -5.000000 40.000000 -5.000000
5 0 0 0
0 5 0 0
0 0 5 0
0.106353 0.478489 0.221825
80.000000 -5.000000 40.000000 5.000000
5 0 0 0
0 5 0 0
0 0 5 0
0.929227 0.651435 0.857837
80.000000 -5.000000 40.000000 -5.000000
5 0 0 0
0 5 0 0
0 0 5 0
0.522714 0.082786 0.731938
80.000000 -5.000000 30.000000 5.000000
5 0 0 0
0 5 0 0
0 0 5 0
0.884262 0.808231 0.845284
80.000000 -5.000000 30.000000 -5.000000
5 0 0 0
0 5 0 0
0 0 5 0
0.290590 0.798947 0.660240
80.000000 -5.000000 20.000000 5.000000
5 0 0 0
0 5 0 0
0 0 5 0
0.612763 0.312653 0.894432
80.000000 -5.000000 20.000000 -5.000000
5 0 0 0
0 5 0 0
0 0 5 0
0.095854 0.247403 0.023024
90.000000 -5.000000 20.000000 5.000000
5 0 0 0
0 5 0 0
0 0 5 0
0.593572 0.752855 0.609702
90.000000 -5.000000 20.000000 -5.000000
5 0 0 0
0 5 0 0
0 0 5 0
0.036673 0.187079 0.765739
100.000000 -5.000000 20.000000 5.000000
5 0 0 0
0 5 0 0
0 0 5 0
0.172357 0.817184 0.631398
100.000000 -5.000000 20.000000 -5.000000
5 0 0 0
0 5 0 0
0 0 5 0
0.077523 0.085790 0.681519
110.000000 -5.000000 20.000000 5.000000
5 0 0 0
0 5 0 0
0 0 5 0
0.799168 0.064801 0.740246
110.000000 -5.000000 20.000000 -5.000000
5 0 0 0
0 5 0 0
0 0 5 0
0.034902 0.756230 0.063609
110.000000 -5.000000 10.000000 5.000000
5 0 0 0
0 5 0 0
0 0 5 0
0.315111 0.777416 0.393403
110.000000 -5.000000 10.000000 -5.000000
5 0 0 0
0 5 0 0
0 0 5 0
0.987591 0.166883 0.195752
100.000000 -5.000000 10.000000 5.000000
5 0 0 0
0 5 0 0
0 0 5 0
0.873507 0.209208 0.305241
100.000000 -5.000000 10.000000 -5.000000
5 0 0 0
0 5 0 0
0 0 5 0
0.890610 0.515516 0.766121
100.000000 -5.000000 0.000000 5.000000
5 0 0 0
0 5 0 0
0 0 5 0
0.577820 0.017166 0.048890
100.000000 -5.000000 0.000000 -5.000000
5 0 0 0
0 5 0 0
0 0 5 0
0.590117 0.544836 0.801820
90.000000 -5.000000 0.000000 5.000000
5 0 0 0
0 5 0 0
0 0 5 0
0.620365 0.344306 0.713922
90.000000 -5.000000 0.000000 -5.000000
5 0 0 0
0 5 0 0
0 0 5 0
0.229504 0.452884 0.287821
80.000000 -5.000000 0.000000 5.000000
5 0 0 0
0 5 0 0
0 0 5 0
0.783736 0.706683 0.459612
80.000000 -5.000000 0.000000 -5.000000
5 0 0 0
0 5 0 0
0 0 5 0
0.181705 0.310786 0.857815
70.000000 -5.000000 0.000000 5.000000
5 0 0 0
0 5 0 0
0 0 5 0
0.830176 0.530018 0.968146
70.000000 -5.000000 0.000000 -5.000000
5 0 0 0
0 5 0 0
0 0 5 0
0.099297 0.260931 0.339470
70.000000 -5.000000 -10.000000 5.000000
5 0 0 0
0 5 0 0
0 0 5 0
0.587172 0.298426 0.201341
70.000000 -5.000000 -10.000000 -5.000000
5 0 0 0
0 5 0 0
0 0 5 0
0.962316 0.628566 0.820219
60.000000 -5.000000 -10.000000 5.000000
5 0 0 0
0 5 0 0
0 0 5 0
0.587088 0.156695 0.630718
60.000000 -5.000000 -10.000000 -5.000000
5 0 0 0
0 5 0 0
0 0 5 0
0.973534 0.999863 0.510615
60.000000 -5.000000 0.000000 5.000000
5 0 0 0
0 5 0 0
0 0 5 0
0.068113 0.373173 0.813108
60.000000 -5.000000 0.000000 -5.000000
5 0 0 0
0 5 0 0
0 0 5 0
0.966211 0.253583 0.143907
50.000000 -5.000000 0.000000 5.000000
5 0 0 0
0 5 0 0
0 0 5 0
0.451413 0.143880 0.170864
50.000000 -5.000000 0.000000 -5.000000
5 0 0 0
0 5 0 0
0 0 5 0
0.563832 0.411139 0.272781
40.000000 -5.000000 0.000000 5.000000
5 0 0 0
0 5 0 0
0 0 5 0
0.768108 0.494178 0.176044
40.000000 -5.000000 0.000000 -5.000000
5 0 0 0
0 5 0 0
0 0 5 0
0.444965 0.252401 0.299022
30.000000 -5.000000 0.000000 5.000000
5 0 0 0
0 5 0 0
0 0 5 0
0.149295 0.531266 0.262659
30.000000 -5.000000 0.000000 -5.000000
5 0 0 0
0 5 0 0
0 0 5 0
0.009676 0.971292 0.850128
20.000000 -5.000000 0.000000 5.000000
5 0 0 0
0 5 0 0
0 0 5 0
0.486066 0.121299 0.898607
20.000000 -5.000000 0.000000 -5.000000
5 0 0 0
0 5 0 0
0 0 5 0
0.283629 0.269662 0.151360
10.000000 -5.000000 0.000000 5.000000
5 0 0 0
0 5 0 0
0 0 5 0
0.943304 0.265029 0.019370
10.000000 -5.000000 0.000000 -5.000000
5 0 0 0
0 5 0 0
0 0 5 0
0.014519 0.639606 0.626999
10.000000 -5.000000 -10.000000 5.000000
5 0 0 0
0 5 0 0
0 0 5 0
0.258599 0.186961 0.794901
10.000000 -5.000000 -10.000000 -5.000000
5 0 0 0
0 5 0 0
0 0 5 0
0.038385 0.432669 0.954341
0.000000 -5.000000 -10.000000 5.000000
5 0 0 0
0 5 0 0
0 0 5 0
0.898965 0.530424 0.388363
0.000000 -5.000000 -10.000000 -5.000000
5 0 0 0
0 5 0 0
0 0 5 0
0.914188 0.153400 0.158856
-10.000000 -5.000000 -10.000000 5.000000
5 0 0 0
0 5 0 0
0 0 5 0
0.016261 0.226655 0.508753
-10.000000 -5.000000 -10.000000 -5.000000
5 0 0 0
0 5 0 0
0 0 5 0
0.547799 0.963846 0.468756
-20.000000 -5.000000 -10.000000 5.000000
5 0 0 0
0 5 0 0
0 0 5 0
0.894080 0.143458 0.532703
-20.000000 -5.000000 -10.000000 -5.000000
5 0 0 0
0 5 0 0
0 0 5 0
0.771783 0.893734 0.632739
-20.000000 -5.000000 -20.000000 5.000000
5 0 0 0
0 5 0 0
0 0 5 0
0.169631 0.889813 0.161185
-20.000000 -5.000000 -20.000000 -5.000000
5 0 0 0
0 5 0 0
0 0 5 0
0.589980 0.800702 0.916334
-10.000000 -5.000000 -20.000000 5.000000
5 0 0 0
0 5 0 0
0 0 5 0
0.287899 0.236708 0.965303
-10.000000 -5.000000 -20.000000 -5.000000
5 0 0 0
0 5 0 0
0 0 5 0
0.213448 0.465887 0.944162
-10.000000 -5.000000 -30.000000 5.000000
5 0 0 0
0 5 0 0
0 0 5 0
0.621380 0.243700 0.151004
-10.000000 -5.000000 -30.000000 -5.000000
5 0 0 0
0 5 0 0
0 0 5 0
0.388607 0.947247 0.150603
-20.000000 -5.000000 -30.000000 5.000000
5 0 0 0
0 5 0 0
0 0 5 0
0.774316 0.328845 0.290484
-20.000000 -5.000000 -30.000000 -5.000000
5 0 0 0
0 5 0 0
0 0 5 0
0.269830 0.978781 0.724345
-30.000000 -5.000000 -30.000000 5.000000
5 0 0 0
0 5 0 0
0 0 5 0
0.952238 0.293590 0.966670
-30.000000 -5.000000 -30.000000 -5.000000
5 0 0 0
0 5 0 0
0 0 5 0
0.195205 0.881041 0.242788
-30.000000 -5.000000 -40.000000 5.000000
5 0 0 0
0 5 0 0
0 0 5 0
0.687706 0.849976 0.398116
-30.000000 -5.000000 -40.000000 -5.000000
5 0 0 0
0 5 0 0
0 0 5 0
0.559123 0.493105 0.949517
-40.000000 -5.000000 -40.000000 5.000000
5 0 0 0
0 5 0 0
0 0 5 0
0.531616 0.932645 0.563129
-40.000000 -5.000000 -40.000000 -5.000000
5 0 0 0
0 5 0 0
0 0 5 0
0.646329 0.840213 0.970462
-40.000000 -5.000000 -30.000000 5.000000
5 0 0 0
0 5 0 0
0 0 5 0
0.940425 0.693828 0.831508
-40.000000 -5.000000 -30.000000 -5.000000
5 0 0 0
0 5 0 0
0 0 5 0
0.438988 0.961141 0.815313
-40.000000 -5.000000 -20.000000 5.000000
5 0 0 0
0 5 0 0
0 0 5 0
0.247180 0.164090 0.574229
-40.000000 -5.000000 -20.000000 -5.000000
5 0 0 0
0 5 0 0
0 0 5 0
0.257222 0.710489 0.565208
-40.000000 -5.000000 -10.000000 5.000000
5 0 0 0
0 5 0 0
0 0 5 0
0.544615 0.662429 0.028673
-40.000000 -5.000000 -10.000000 -5.000000
5 0 0 0
0 5 0 0
0 0 5 0
0.463858 0.794044 0.652333
-40.000000 -5.000000 0.000000 5.000000
5 0 0 0
0 5 0 0
0 0 5 0
0.541441 0.445618 0.101453
-40.000000 -5.000000 0.000000 -5.000000
5 0 0 0
0 5 0 0
0 0 5 0
0.001055 0.536649 0.066374
-15.000000 -5.000000 0.000000 0.000000
0 5 0 0
0 0 0 5
0 0 5 0
0.909425 0.459776 0.116021
-10.000000 -5.000000 5.000000 0.000000
0 5 0 0
0 0 0 5
5 0 0 0
0.319285 0.434261 0.097887
-5.000000 -5.000000 10.000000 0.000000
0 5 0 0
0 0 0 5
0 0 5 0
0.132918 0.774000 0.307524
0.000000 -5.000000 15.000000 0.000000
0 5 0 0
0 0 0 5
5 0 0 0
0.571926 0.450997 0.547204
15.000000 -5.000000 10.000000 0.000000
0 5 0 0
0 0 0 5
0 0 5 0
0.044410 0.175698 0.554798
5.000000 -5.000000 20.000000 0.000000
0 5 0 0
0 0 0 5
0 0 5 0
0.899778 0.354210 0.333997
10.000000 -5.000000 25.000000 0.000000
0 5 0 0
0 0 0 5
5 0 0 0
0.171375 0.528220 0.075480
20.000000 -5.000000 15.000000 0.000000
0 5 0 0
0 0 0 5
5 0 0 0
0.296065 0.425219 0.666447
25.000000 -5.000000 20.000000 0.000000
0 5 0 0
0 0 0 5
0 0 5 0
0.245941 0.340090 0.054738
15.000000 -5.000000 30.000000 0.000000
0 5 0 0
0 0 0 5
0 0 5 0
0.568943 0.773940 0.688282
20.000000 -5.000000 35.000000 0.000000
0 5 0 0
0 0 0 5
5 0 0 0
0.424729 0.634246 0.909447
30.000000 -5.000000 25.000000 0.000000
0 5 0 0
0 0 0 5
5 0 0 0
0.027573 0.088595 0.710979
30.000000 -5.000000 35.000000 0.000000
0 5 0 0
0 0 0 5
5 0 0 0
0.941382 0.378175 0.842353
40.000000 -5.000000 25.000000 0.000000
0 5 0 0
0 0 0 5
5 0 0 0
0.780639 0.236207 0.065602
40.000000 -5.000000 35.000000 0.000000
0 5 0 0
0 0 0 5
5 0 0 0
0.764503 0.093233 0.635022
50.000000 -5.000000 25.000000 0.000000
0 5 0 0
0 0 0 5
5 0 0 0
0.367683 0.517881 0.623802
50.000000 -5.000000 35.000000 0.000000
0 5 0 0
0 0 0 5
5 0 0 0
0.233151 0.494726 0.636925
60.000000 -5.000000 25.000000 0.000000
0 5 0 0
0 0 0 5
5 0 0 0
0.266260 0.005520 0.415124
65.000000 -5.000000 30.000000 0.000000
0 5 0 0
0 0 0 5
0 0 5 0
0.494215 0.276823 0.528349
55.000000 -5.000000 40.000000 0.000000
0 5 0 0
0 0 0 5
0 0 5 0
0.985544 0.063728 0.321578
55.000000 -5.000000 50.000000 0.000000
0 5 0 0
0 0 0 5
0 0 5 0
0.747023 0.938212 0.049214
60.000000 -5.000000 55.000000 0.000000
0 5 0 0
0 0 0 5
5 0 0 0
0.486008 0.648063 0.500372
75.000000 -5.000000 50.000000 0.000000
0 5 0 0
0 0 0 5
0 0 5 0
0.014340 0.927868 0.397010
70.000000 -5.000000 55.000000 0.000000
0 5 0 0
0 0 0 5
5 0 0 0
0.173844 0.259793 0.743236
70.000000 -5.000000 35.000000 0.000000
0 5 0 0
0 0 0 5
5 0 0 0
0.389093 0.928346 0.227834
85.000000 -5.000000 40.000000 0.000000
0 5 0 0
0 0 0 5
0 0 5 0
0.280917 0.439847 0.742562
80.000000 -5.000000 45.000000 0.000000
0 5 0 0
0 0 0 5
5 0 0 0
0.482219 0.536783 0.553662
75.000000 -5.000000 30.000000 0.000000
0 5 0 0
0 0 0 5
0 0 5 0
0.322010 0.949353 0.651465
85.000000 -5.000000 30.000000 0.000000
0 5 0 0
0 0 0 5
0 0 5 0
0.636407 0.698265 0.046938
80.000000 -5.000000 15.000000 0.000000
0 5 0 0
0 0 0 5
5 0 0 0
0.087411 0.097423 0.345329
75.000000 -5.000000 20.000000 0.000000
0 5 0 0
0 0 0 5
0 0 5 0
0.876290 0.249418 0.402655
90.000000 -5.000000 15.000000 0.000000
0 5 0 0
0 0 0 5
5 0 0 0
0.670903 0.845818 0.533954
90.000000 -5.000000 25.000000 0.000000
0 5 0 0
0 0 0 5
5 0 0 0
0.598438 0.114885 0.392890
100.000000 -5.000000 25.000000 0.000000
0 5 0 0
0 0 0 5
5 0 0 0
0.892863 0.360836 0.711344
115.000000 -5.000000 20.000000 0.000000
0 5 0 0
0 0 0 5
0 0 5 0
0.848981 0.554446 0.131209
110.000000 -5.000000 25.000000 0.000000
0 5 0 0
0 0 0 5
5 0 0 0
0.204685 0.754275 0.963783
110.000000 -5.000000 5.000000 0.000000
0 5 0 0
0 0 0 5
5 0 0 0
0.945806 0.313909 0.965074
115.000000 -5.000000 10.000000 0.000000
0 5 0 0
0 0 0 5
0 0 5 0
0.183110 0.711998 0.956226
95.000000 -5.000000 10.000000 0.000000
0 5 0 0
0 0 0 5
0 0 5 0
0.699272 0.251478 0.856820
100.000000 -5.000000 -5.000000 0.000000
0 5 0 0
0 0 0 5
5 0 0 0
0.715958 0.443792 0.147500
105.000000 -5.000000 0.000000 0.000000
0 5 0 0
0 0 0 5
0 0 5 0
0.764221 0.218919 0.104927
90.000000 -5.000000 -5.000000 0.000000
0 5 0 0
0 0 0 5
5 0 0 0
0.416470 0.485595 0.275657
90.000000 -5.000000 5.000000 0.000000
0 5 0 0
0 0 0 5
5 0 0 0
0.837162 0.364069 0.965114
80.000000 -5.000000 -5.000000 0.000000
0 5 0 0
0 0 0 5
5 0 0 0
0.952005 0.812264 0.037972
80.000000 -5.000000 5.000000 0.000000
0 5 0 0
0 0 0 5
5 0 0 0
0.438065 0.681377 0.017392
70.000000 -5.000000 5.000000 0.000000
0 5 0 0
0 0 0 5
5 0 0 0
0.250743 0.512460 0.961419
70.000000 -5.000000 -15.000000 0.000000
0 5 0 0
0 0 0 5
5 0 0 0
0.339433 0.615746 0.031115
75.000000 -5.000000 -10.000000 0.000000
0 5 0 0
0 0 0 5
0 0 5 0
0.131135 0.655385 0.063883
60.000000 -5.000000 -15.000000 0.000000
0 5 0 0
0 0 0 5
5 0 0 0
0.540295 0.430337 0.500439
55.000000 -5.000000 -10.000000 0.000000
0 5 0 0
0 0 0 5
0 0 5 0
0.015117 0.147742 0.515667
60.000000 -5.000000 5.000000 0.000000
0 5 0 0
0 0 0 5
5 0 0 0
0.556000 0.789007 0.310848
50.000000 -5.000000 -5.000000 0.000000
0 5 0 0
0 0 0 5
5 0 0 0
0.838530 0.330462 0.206786
50.000000 -5.000000 5.000000 0.000000
0 5 0 0
0 0 0 5
5 0 0 0
0.882705 0.641325 0.734918
40.000000 -5.000000 -5.000000 0.000000
0 5 0 0
0 0 0 5
5 0 0 0
0.783656 0.548892 0.870248
40.000000 -5.000000 5.000000 0.000000
0 5 0 0
0 0 0 5
5 0 0 0
0.052046 0.800029 0.361287
30.000000 -5.000000 -5.000000 0.000000
0 5 0 0
0 0 0 5
5 0 0 0
0.267774 0.722719 0.114889
30.000000 -5.000000 5.000000 0.000000
0 5 0 0
0 0 0 5
5 0 0 0
0.899847 0.898365 0.818230
20.000000 -5.000000 -5.000000 0.000000
0 5 0 0
0 0 0 5
5 0 0 0
0.154746 0.812114 0.721154
20.000000 -5.000000 5.000000 0.000000
0 5 0 0
0 0 0 5
5 0 0 0
0.806227 0.562343 0.811136
10.000000 -5.000000 -15.000000 0.000000
0 5 0 0
0 0 0 5
5 0 0 0
0.503629 0.916661 0.695906
15.000000 -5.000000 -10.000000 0.000000
0 5 0 0
0 0 0 5
0 0 5 0
0.123058 0.990969 0.746189
0.000000 -5.000000 -15.000000 0.000000
0 5 0 0
0 0 0 5
5 0 0 0
0.075521 0.097604 0.326407
-25.000000 -5.000000 -10.000000 0.000000
0 5 0 0
0 0 0 5
0 0 5 0
0.968506 0.390616 0.369106
-20.000000 -5.000000 -5.000000 0.000000
0 5 0 0
0 0 0 5
5 0 0 0
0.599788 0.275418 0.511806
-25.000000 -5.000000 -20.000000 0.000000
0 5 0 0
0 0 0 5
0 0 5 0
0.739847 0.282820 0.768912
-5.000000 -5.000000 -20.000000 0.000000
0 5 0 0
0 0 0 5
0 0 5 0
0.844724 0.906119 0.847335
-10.000000 -5.000000 -35.000000 0.000000
0 5 0 0
0 0 0 5
5 0 0 0
0.074080 0.518056 0.937838
-5.000000 -5.000000 -30.000000 0.000000
0 5 0 0
0 0 0 5
0 0 5 0
0.648466 0.859218 0.435796
-20.000000 -5.000000 -35.000000 0.000000
0 5 0 0
0 0 0 5
5 0 0 0
0.721775 0.839673 0.531881
-30.000000 -5.000000 -25.000000 0.000000
0 5 0 0
0 0 0 5
5 0 0 0
0.101004 0.370151 0.927897
-30.000000 -5.000000 -45.000000 0.000000
0 5 0 0
0 0 0 5
5 0 0 0
0.141906 0.037122 0.435863
-25.000000 -5.000000 -40.000000 0.000000
0 5 0 0
0 0 0 5
0 0 5 0
0.764585 0.659549 0.614731
-40.000000 -5.000000 -45.000000 0.000000
0 5 0 0
0 0 0 5
5 0 0 0
0.604470 0.654733 0.091363
-45.000000 -5.000000 -40.000000 0.000000
0 5 0 0
0 0 0 5
0 0 5 0
0.222832 0.415213 0.893779
-45.000000 -5.000000 -30.000000 0.000000
0 5 0 0
0 0 0 5
0 0 5 0
0.056991 0.843215 0.538054
-45.000000 -5.000000 -20.000000 0.000000
0 5 0 0
0 0 0 5
0 0 5 0
0.047348 0.858615 0.808470
-35.000000 -5.000000 -20.000000 0.000000
0 5 0 0
0 0 0 5
0 0 5 0
0.489994 0.871967 0.110329
-45.000000 -5.000000 -10.000000 0.000000
0 5 0 0
0 0 0 5
0 0 5 0
0.825552 0.417440 0.983714
-35.000000 -5.000000 -10.000000 0.000000
0 5 0 0
0 0 0 5
0 0 5 0
0.295069 0.329336 0.505405
-45.000000 -5.000000 0.000000 0.000000
0 5 0 0
0 0 0 5
0 0 5 0
0.613097 0.321553 0.304952
-35.000000 -5.000000 0.000000 0.000000
0 5 0 0
0 0 0 5
0 0 5 0
0.085172 0.300398 0.968604
-40.000000 -5.000000 5.000000 0.000000
0 5 0 0
0 0 0 5
5 0 0 0
0.706630 0.899172 0.949273
