0.000000 0.000000 0.000000 0.000000
5 0 0 0
0 0 5 0
0 0 0 5
0.600000 0.100000 0.800000
0.000000 0.000000 0.000000 -10.000000
5 0 0 0
0 0 5 0
0 0 0 5
0.584000 0.112000 0.770667
10.000000 0.000000 0.000000 -10.000000
5 0 0 0
0 0 5 0
0 0 0 5
0.580000 0.118667 0.761333
20.000000 0.000000 0.000000 -10.000000
5 0 0 0
0 0 5 0
0 0 0 5
0.576000 0.125333 0.752000
20.000000 0.000000 0.000000 0.000000
5 0 0 0
0 0 5 0
0 0 0 5
0.572000 0.132000 0.742667
10.000000 0.000000 0.000000 0.000000
5 0 0 0
0 0 5 0
0 0 0 5
0.568000 0.138667 0.733333
10.000000 0.000000 0.000000 10.000000
5 0 0 0
0 0 5 0
0 0 0 5
0.564000 0.145333 0.724000
10.000000 0.000000 10.000000 10.000000
5 0 0 0
0 0 5 0
0 0 0 5
0.560000 0.152000 0.714667
10.000000 0.000000 20.000000 10.000000
5 0 0 0
0 0 5 0
0 0 0 5
0.556000 0.158667 0.705333
0.000000 0.000000 20.000000 10.000000
5 0 0 0
0 0 5 0
0 0 0 5
0.552000 0.165333 0.696000
0.000000 0.000000 30.000000 10.000000
5 0 0 0
0 0 5 0
0 0 0 5
0.548000 0.172000 0.686667
0.000000 0.000000 30.000000 0.000000
5 0 0 0
0 0 5 0
0 0 0 5
0.544000 0.178667 0.677333
0.000000 0.000000 40.000000 0.000000
5 0 0 0
0 0 5 0
0 0 0 5
0.540000 0.185333 0.668000
-10.000000 0.000000 40.000000 0.000000
5 0 0 0
0 0 5 0
0 0 0 5
0.536000 0.192000 0.658667
-10.000000 0.000000 50.000000 -10.000000
5 0 0 0
0 0 5 0
0 0 0 5
0.532000 0.198667 0.649333
0.000000 0.000000 50.000000 -10.000000
5 0 0 0
0 0 5 0
0 0 0 5
0.528000 0.205333 0.640000
0.000000 0.000000 50.000000 0.000000
5 0 0 0
0 0 5 0
0 0 0 5
0.524000 0.212000 0.630667
-10.000000 0.000000 50.000000 0.000000
5 0 0 0
0 0 5 0
0 0 0 5
0.520000 0.218667 0.621333
-10.000000 0.000000 60.000000 0.000000
5 0 0 0
0 0 5 0
0 0 0 5
0.516000 0.225333 0.612000
0.000000 0.000000 60.000000 -10.000000
5 0 0 0
0 0 5 0
0 0 0 5
0.512000 0.232000 0.602667
10.000000 0.000000 60.000000 -10.000000
5 0 0 0
0 0 5 0
0 0 0 5
0.508000 0.238667 0.593333
20.000000 0.000000 60.000000 -10.000000
5 0 0 0
0 0 5 0
0 0 0 5
0.504000 0.245333 0.584000
20.000000 0.000000 50.000000 -10.000000
5 0 0 0
0 0 5 0
0 0 0 5
0.500000 0.252000 0.574667
30.000000 0.000000 50.000000 -10.000000
5 0 0 0
0 0 5 0
0 0 0 5
0.496000 0.258667 0.565333
30.000000 0.000000 60.000000 30.000000
5 0 0 0
0 0 5 0
0 0 0 5
0.492000 0.265333 0.556000
30.000000 0.000000 50.000000 30.000000
5 0 0 0
0 0 5 0
0 0 0 5
0.488000 0.272000 0.546667
30.000000 0.000000 50.000000 20.000000
5 0 0 0
0 0 5 0
0 0 0 5
0.484000 0.278667 0.537333
40.000000 0.000000 50.000000 20.000000
5 0 0 0
0 0 5 0
0 0 0 5
0.480000 0.285333 0.528000
50.000000 0.000000 50.000000 20.000000
5 0 0 0
0 0 5 0
0 0 0 5
0.476000 0.292000 0.518667
60.000000 0.000000 50.000000 20.000000
5 0 0 0
0 0 5 0
0 0 0 5
0.472000 0.298667 0.509333
60.000000 0.000000 50.000000 70.000000
5 0 0 0
0 0 5 0
0 0 0 5
0.468000 0.305333 0.500000
50.000000 0.000000 50.000000 70.000000
5 0 0 0
0 0 5 0
0 0 0 5
0.464000 0.312000 0.490667
50.000000 0.000000 40.000000 70.000000
5 0 0 0
0 0 5 0
0 0 0 5
0.460000 0.318667 0.481333
40.000000 0.000000 40.000000 70.000000
5 0 0 0
0 0 5 0
0 0 0 5
0.456000 0.325333 0.472000
40.000000 0.000000 50.000000 70.000000
5 0 0 0
0 0 5 0
0 0 0 5
0.452000 0.332000 0.462667
30.000000 0.000000 50.000000 70.000000
5 0 0 0
0 0 5 0
0 0 0 5
0.448000 0.338667 0.453333
40.000000 0.000000 50.000000 30.000000
5 0 0 0
0 0 5 0
0 0 0 5
0.444000 0.345333 0.444000
40.000000 0.000000 60.000000 30.000000
5 0 0 0
0 0 5 0
0 0 0 5
0.440000 0.352000 0.434667
40.000000 0.000000 70.000000 30.000000
5 0 0 0
0 0 5 0
0 0 0 5
0.436000 0.358667 0.425333
30.000000 0.000000 70.000000 30.000000
5 0 0 0
0 0 5 0
0 0 0 5
0.432000 0.365333 0.416000
20.000000 0.000000 70.000000 30.000000
5 0 0 0
0 0 5 0
0 0 0 5
0.428000 0.372000 0.406667
10.000000 0.000000 70.000000 30.000000
5 0 0 0
0 0 5 0
0 0 0 5
0.424000 0.378667 0.397333
0.000000 0.000000 70.000000 10.000000
5 0 0 0
0 0 5 0
0 0 0 5
0.420000 0.385333 0.388000
0.000000 0.000000 60.000000 10.000000
5 0 0 0
0 0 5 0
0 0 0 5
0.416000 0.392000 0.378667
0.000000 0.000000 60.000000 0.000000
5 0 0 0
0 0 5 0
0 0 0 5
0.412000 0.398667 0.369333
10.000000 0.000000 60.000000 0.000000
5 0 0 0
0 0 5 0
0 0 0 5
0.408000 0.405333 0.360000
10.000000 0.000000 70.000000 0.000000
5 0 0 0
0 0 5 0
0 0 0 5
0.404000 0.412000 0.350667
10.000000 0.000000 60.000000 10.000000
5 0 0 0
0 0 5 0
0 0 0 5
0.400000 0.418667 0.341333
10.000000 0.000000 60.000000 20.000000
5 0 0 0
0 0 5 0
0 0 0 5
0.396000 0.425333 0.332000
20.000000 0.000000 60.000000 20.000000
5 0 0 0
0 0 5 0
0 0 0 5
0.392000 0.432000 0.322667
20.000000 0.000000 70.000000 20.000000
5 0 0 0
0 0 5 0
0 0 0 5
0.388000 0.438667 0.313333
20.000000 0.000000 80.000000 20.000000
5 0 0 0
0 0 5 0
0 0 0 5
0.384000 0.445333 0.304000
10.000000 0.000000 80.000000 20.000000
5 0 0 0
0 0 5 0
0 0 0 5
0.380000 0.452000 0.294667
0.000000 0.000000 80.000000 20.000000
5 0 0 0
0 0 5 0
0 0 0 5
0.376000 0.458667 0.285333
0.000000 0.000000 80.000000 10.000000
5 0 0 0
0 0 5 0
0 0 0 5
0.372000 0.465333 0.276000
10.000000 0.000000 80.000000 10.000000
5 0 0 0
0 0 5 0
0 0 0 5
0.368000 0.472000 0.266667
20.000000 0.000000 80.000000 10.000000
5 0 0 0
0 0 5 0
0 0 0 5
0.364000 0.478667 0.257333
20.000000 0.000000 80.000000 0.000000
5 0 0 0
0 0 5 0
0 0 0 5
0.360000 0.485333 0.248000
10.000000 0.000000 80.000000 0.000000
5 0 0 0
0 0 5 0
0 0 0 5
0.356000 0.492000 0.238667
10.000000 0.000000 80.000000 -10.000000
5 0 0 0
0 0 5 0
0 0 0 5
0.352000 0.498667 0.229333
20.000000 0.000000 80.000000 -10.000000
5 0 0 0
0 0 5 0
0 0 0 5
0.348000 0.505333 0.220000
20.000000 0.000000 90.000000 -10.000000
5 0 0 0
0 0 5 0
0 0 0 5
0.344000 0.512000 0.210667
30.000000 0.000000 90.000000 20.000000
5 0 0 0
0 0 5 0
0 0 0 5
0.340000 0.518667 0.201333
30.000000 0.000000 100.000000 20.000000
5 0 0 0
0 0 5 0
0 0 0 5
0.336000 0.525333 0.192000
40.000000 0.000000 100.000000 30.000000
5 0 0 0
0 0 5 0
0 0 0 5
0.332000 0.532000 0.182667
30.000000 0.000000 100.000000 30.000000
5 0 0 0
0 0 5 0
0 0 0 5
0.328000 0.538667 0.173333
30.000000 0.000000 100.000000 40.000000
5 0 0 0
0 0 5 0
0 0 0 5
0.324000 0.545333 0.164000
40.000000 0.000000 100.000000 40.000000
5 0 0 0
0 0 5 0
0 0 0 5
0.320000 0.552000 0.154667
40.000000 0.000000 90.000000 40.000000
5 0 0 0
0 0 5 0
0 0 0 5
0.316000 0.558667 0.145333
50.000000 0.000000 90.000000 40.000000
5 0 0 0
0 0 5 0
0 0 0 5
0.312000 0.565333 0.136000
60.000000 0.000000 90.000000 50.000000
5 0 0 0
0 0 5 0
0 0 0 5
0.308000 0.572000 0.126667
60.000000 0.000000 90.000000 60.000000
5 0 0 0
0 0 5 0
0 0 0 5
0.304000 0.578667 0.117333
60.000000 0.000000 100.000000 60.000000
5 0 0 0
0 0 5 0
0 0 0 5
0.300000 0.585333 0.108000
60.000000 0.000000 110.000000 60.000000
5 0 0 0
0 0 5 0
0 0 0 5
0.296000 0.592000 0.098667
70.000000 0.000000 110.000000 60.000000
5 0 0 0
0 0 5 0
0 0 0 5
0.292000 0.598667 0.089333
0.000000 -5.000000 -5.000000 0.000000
0 5 0 0
5 0 0 0
0 0 0 5
0.540000 0.090000 0.720000
-5.000000 -5.000000 0.000000 0.000000
0 5 0 0
0 0 5 0
0 0 0 5
0.640000 0.190000 0.820000
0.000000 -5.000000 0.000000 5.000000
0 5 0 0
5 0 0 0
0 0 5 0
0.680000 0.280000 0.840000
0.000000 -5.000000 5.000000 0.000000
0 5 0 0
5 0 0 0
0 0 0 5
0.540000 0.090000 0.720000
0.000000 -5.000000 -5.000000 -10.000000
0 5 0 0
5 0 0 0
0 0 0 5
0.525600 0.100800 0.693600
-5.000000 -5.000000 0.000000 -10.000000
0 5 0 0
0 0 5 0
0 0 0 5
0.625600 0.200800 0.793600
0.000000 -5.000000 0.000000 -15.000000
0 5 0 0
5 0 0 0
0 0 5 0
0.667200 0.289600 0.816533
0.000000 -5.000000 5.000000 -10.000000
0 5 0 0
5 0 0 0
0 0 0 5
0.525600 0.100800 0.693600
10.000000 -5.000000 -5.000000 -10.000000
0 5 0 0
5 0 0 0
0 0 0 5
0.522000 0.106800 0.685200
10.000000 -5.000000 0.000000 -15.000000
0 5 0 0
5 0 0 0
0 0 5 0
0.664000 0.294933 0.809067
10.000000 -5.000000 5.000000 -10.000000
0 5 0 0
5 0 0 0
0 0 0 5
0.522000 0.106800 0.685200
20.000000 -5.000000 -5.000000 -10.000000
0 5 0 0
5 0 0 0
0 0 0 5
0.518400 0.112800 0.676800
20.000000 -5.000000 0.000000 -15.000000
0 5 0 0
5 0 0 0
0 0 5 0
0.660800 0.300267 0.801600
25.000000 -5.000000 0.000000 -10.000000
0 5 0 0
0 0 5 0
0 0 0 5
0.618400 0.212800 0.776800
20.000000 -5.000000 5.000000 -10.000000
0 5 0 0
5 0 0 0
0 0 0 5
0.518400 0.112800 0.676800
20.000000 -5.000000 -5.000000 0.000000
0 5 0 0
5 0 0 0
0 0 0 5
0.514800 0.118800 0.668400
20.000000 -5.000000 0.000000 5.000000
0 5 0 0
5 0 0 0
0 0 5 0
0.657600 0.305600 0.794133
25.000000 -5.000000 0.000000 0.000000
0 5 0 0
0 0 5 0
0 0 0 5
0.614800 0.218800 0.768400
20.000000 -5.000000 5.000000 0.000000
0 5 0 0
5 0 0 0
0 0 0 5
0.514800 0.118800 0.668400
10.000000 -5.000000 -5.000000 0.000000
0 5 0 0
5 0 0 0
0 0 0 5
0.511200 0.124800 0.660000
10.000000 -5.000000 5.000000 0.000000
0 5 0 0
5 0 0 0
0 0 0 5
0.511200 0.124800 0.660000
10.000000 -5.000000 -5.000000 10.000000
0 5 0 0
5 0 0 0
0 0 0 5
0.507600 0.130800 0.651600
5.000000 -5.000000 0.000000 10.000000
0 5 0 0
0 0 5 0
0 0 0 5
0.607600 0.230800 0.751600
10.000000 -5.000000 0.000000 15.000000
0 5 0 0
5 0 0 0
0 0 5 0
0.651200 0.316267 0.779200
15.000000 -5.000000 0.000000 10.000000
0 5 0 0
0 0 5 0
0 0 0 5
0.607600 0.230800 0.751600
5.000000 -5.000000 10.000000 10.000000
0 5 0 0
0 0 5 0
0 0 0 5
0.604000 0.236800 0.743200
10.000000 -5.000000 10.000000 5.000000
0 5 0 0
5 0 0 0
0 0 5 0
0.648000 0.321600 0.771733
10.000000 -5.000000 10.000000 15.000000
0 5 0 0
5 0 0 0
0 0 5 0
0.648000 0.321600 0.771733
15.000000 -5.000000 10.000000 10.000000
0 5 0 0
0 0 5 0
0 0 0 5
0.604000 0.236800 0.743200
10.000000 -5.000000 20.000000 5.000000
0 5 0 0
5 0 0 0
0 0 5 0
0.644800 0.326933 0.764267
10.000000 -5.000000 20.000000 15.000000
0 5 0 0
5 0 0 0
0 0 5 0
0.644800 0.326933 0.764267
15.000000 -5.000000 20.000000 10.000000
0 5 0 0
0 0 5 0
0 0 0 5
0.600400 0.242800 0.734800
10.000000 -5.000000 25.000000 10.000000
0 5 0 0
5 0 0 0
0 0 0 5
0.500400 0.142800 0.634800
0.000000 -5.000000 15.000000 10.000000
0 5 0 0
5 0 0 0
0 0 0 5
0.496800 0.148800 0.626400
-5.000000 -5.000000 20.000000 10.000000
0 5 0 0
0 0 5 0
0 0 0 5
0.596800 0.248800 0.726400
0.000000 -5.000000 20.000000 5.000000
0 5 0 0
5 0 0 0
0 0 5 0
0.641600 0.332267 0.756800
0.000000 -5.000000 20.000000 15.000000
0 5 0 0
5 0 0 0
0 0 5 0
0.641600 0.332267 0.756800
-5.000000 -5.000000 30.000000 10.000000
0 5 0 0
0 0 5 0
0 0 0 5
0.593200 0.254800 0.718000
0.000000 -5.000000 30.000000 15.000000
0 5 0 0
5 0 0 0
0 0 5 0
0.638400 0.337600 0.749333
5.000000 -5.000000 30.000000 10.000000
0 5 0 0
0 0 5 0
0 0 0 5
0.593200 0.254800 0.718000
0.000000 -5.000000 35.000000 10.000000
0 5 0 0
5 0 0 0
0 0 0 5
0.493200 0.154800 0.618000
0.000000 -5.000000 25.000000 0.000000
0 5 0 0
5 0 0 0
0 0 0 5
0.489600 0.160800 0.609600
-5.000000 -5.000000 30.000000 0.000000
0 5 0 0
0 0 5 0
0 0 0 5
0.589600 0.260800 0.709600
0.000000 -5.000000 30.000000 -5.000000
0 5 0 0
5 0 0 0
0 0 5 0
0.635200 0.342933 0.741867
5.000000 -5.000000 30.000000 0.000000
0 5 0 0
0 0 5 0
0 0 0 5
0.589600 0.260800 0.709600
0.000000 -5.000000 40.000000 -5.000000
0 5 0 0
5 0 0 0
0 0 5 0
0.632000 0.348267 0.734400
0.000000 -5.000000 40.000000 5.000000
0 5 0 0
5 0 0 0
0 0 5 0
0.632000 0.348267 0.734400
5.000000 -5.000000 40.000000 0.000000
0 5 0 0
0 0 5 0
0 0 0 5
0.586000 0.266800 0.701200
-10.000000 -5.000000 35.000000 0.000000
0 5 0 0
5 0 0 0
0 0 0 5
0.482400 0.172800 0.592800
-15.000000 -5.000000 40.000000 0.000000
0 5 0 0
0 0 5 0
0 0 0 5
0.582400 0.272800 0.692800
-10.000000 -5.000000 40.000000 -5.000000
0 5 0 0
5 0 0 0
0 0 5 0
0.628800 0.353600 0.726933
-10.000000 -5.000000 40.000000 5.000000
0 5 0 0
5 0 0 0
0 0 5 0
0.628800 0.353600 0.726933
-10.000000 -5.000000 45.000000 -10.000000
0 5 0 0
5 0 0 0
0 0 0 5
0.478800 0.178800 0.584400
-15.000000 -5.000000 50.000000 -10.000000
0 5 0 0
0 0 5 0
0 0 0 5
0.578800 0.278800 0.684400
-10.000000 -5.000000 50.000000 -15.000000
0 5 0 0
5 0 0 0
0 0 5 0
0.625600 0.358933 0.719467
-10.000000 -5.000000 55.000000 -10.000000
0 5 0 0
5 0 0 0
0 0 0 5
0.478800 0.178800 0.584400
0.000000 -5.000000 45.000000 -10.000000
0 5 0 0
5 0 0 0
0 0 0 5
0.475200 0.184800 0.576000
0.000000 -5.000000 50.000000 -15.000000
0 5 0 0
5 0 0 0
0 0 5 0
0.622400 0.364267 0.712000
5.000000 -5.000000 50.000000 -10.000000
0 5 0 0
0 0 5 0
0 0 0 5
0.575200 0.284800 0.676000
0.000000 -5.000000 50.000000 5.000000
0 5 0 0
5 0 0 0
0 0 5 0
0.619200 0.369600 0.704533
5.000000 -5.000000 50.000000 0.000000
0 5 0 0
0 0 5 0
0 0 0 5
0.571600 0.290800 0.667600
-15.000000 -5.000000 50.000000 0.000000
0 5 0 0
0 0 5 0
0 0 0 5
0.568000 0.296800 0.659200
-10.000000 -5.000000 50.000000 5.000000
0 5 0 0
5 0 0 0
0 0 5 0
0.616000 0.374933 0.697067
-15.000000 -5.000000 60.000000 0.000000
0 5 0 0
0 0 5 0
0 0 0 5
0.564400 0.302800 0.650800
-10.000000 -5.000000 60.000000 -5.000000
0 5 0 0
5 0 0 0
0 0 5 0
0.612800 0.380267 0.689600
-10.000000 -5.000000 60.000000 5.000000
0 5 0 0
5 0 0 0
0 0 5 0
0.612800 0.380267 0.689600
-10.000000 -5.000000 65.000000 0.000000
0 5 0 0
5 0 0 0
0 0 0 5
0.464400 0.202800 0.550800
-5.000000 -5.000000 60.000000 -10.000000
0 5 0 0
0 0 5 0
0 0 0 5
0.560800 0.308800 0.642400
0.000000 -5.000000 60.000000 -15.000000
0 5 0 0
5 0 0 0
0 0 5 0
0.609600 0.385600 0.682133
0.000000 -5.000000 65.000000 -10.000000
0 5 0 0
5 0 0 0
0 0 0 5
0.460800 0.208800 0.542400
10.000000 -5.000000 55.000000 -10.000000
0 5 0 0
5 0 0 0
0 0 0 5
0.457200 0.214800 0.534000
10.000000 -5.000000 60.000000 -15.000000
0 5 0 0
5 0 0 0
0 0 5 0
0.606400 0.390933 0.674667
10.000000 -5.000000 65.000000 -10.000000
0 5 0 0
5 0 0 0
0 0 0 5
0.457200 0.214800 0.534000
20.000000 -5.000000 60.000000 -15.000000
0 5 0 0
5 0 0 0
0 0 5 0
0.603200 0.396267 0.667200
20.000000 -5.000000 60.000000 -5.000000
0 5 0 0
5 0 0 0
0 0 5 0
0.603200 0.396267 0.667200
25.000000 -5.000000 60.000000 -10.000000
0 5 0 0
0 0 5 0
0 0 0 5
0.553600 0.320800 0.625600
20.000000 -5.000000 65.000000 -10.000000
0 5 0 0
5 0 0 0
0 0 0 5
0.453600 0.220800 0.525600
20.000000 -5.000000 45.000000 -10.000000
0 5 0 0
5 0 0 0
0 0 0 5
0.450000 0.226800 0.517200
15.000000 -5.000000 50.000000 -10.000000
0 5 0 0
0 0 5 0
0 0 0 5
0.550000 0.326800 0.617200
20.000000 -5.000000 50.000000 -15.000000
0 5 0 0
5 0 0 0
0 0 5 0
0.600000 0.401600 0.659733
20.000000 -5.000000 50.000000 -5.000000
0 5 0 0
5 0 0 0
0 0 5 0
0.600000 0.401600 0.659733
30.000000 -5.000000 45.000000 -10.000000
0 5 0 0
5 0 0 0
0 0 0 5
0.446400 0.232800 0.508800
30.000000 -5.000000 50.000000 -15.000000
0 5 0 0
5 0 0 0
0 0 5 0
0.596800 0.406933 0.652267
30.000000 -5.000000 50.000000 -5.000000
0 5 0 0
5 0 0 0
0 0 5 0
0.596800 0.406933 0.652267
35.000000 -5.000000 50.000000 -10.000000
0 5 0 0
0 0 5 0
0 0 0 5
0.546400 0.332800 0.608800
30.000000 -5.000000 55.000000 -10.000000
0 5 0 0
5 0 0 0
0 0 0 5
0.446400 0.232800 0.508800
25.000000 -5.000000 60.000000 30.000000
0 5 0 0
0 0 5 0
0 0 0 5
0.542800 0.338800 0.600400
30.000000 -5.000000 60.000000 25.000000
0 5 0 0
5 0 0 0
0 0 5 0
0.593600 0.412267 0.644800
30.000000 -5.000000 60.000000 35.000000
0 5 0 0
5 0 0 0
0 0 5 0
0.593600 0.412267 0.644800
30.000000 -5.000000 45.000000 30.000000
0 5 0 0
5 0 0 0
0 0 0 5
0.439200 0.244800 0.492000
25.000000 -5.000000 50.000000 30.000000
0 5 0 0
0 0 5 0
0 0 0 5
0.539200 0.344800 0.592000
30.000000 -5.000000 50.000000 35.000000
0 5 0 0
5 0 0 0
0 0 5 0
0.590400 0.417600 0.637333
30.000000 -5.000000 45.000000 20.000000
0 5 0 0
5 0 0 0
0 0 0 5
0.435600 0.250800 0.483600
25.000000 -5.000000 50.000000 20.000000
0 5 0 0
0 0 5 0
0 0 0 5
0.535600 0.350800 0.583600
30.000000 -5.000000 50.000000 15.000000
0 5 0 0
5 0 0 0
0 0 5 0
0.587200 0.422933 0.629867
30.000000 -5.000000 55.000000 20.000000
0 5 0 0
5 0 0 0
0 0 0 5
0.435600 0.250800 0.483600
40.000000 -5.000000 45.000000 20.000000
0 5 0 0
5 0 0 0
0 0 0 5
0.432000 0.256800 0.475200
40.000000 -5.000000 50.000000 15.000000
0 5 0 0
5 0 0 0
0 0 5 0
0.584000 0.428267 0.622400
40.000000 -5.000000 55.000000 20.000000
0 5 0 0
5 0 0 0
0 0 0 5
0.432000 0.256800 0.475200
50.000000 -5.000000 45.000000 20.000000
0 5 0 0
5 0 0 0
0 0 0 5
0.428400 0.262800 0.466800
50.000000 -5.000000 50.000000 15.000000
0 5 0 0
5 0 0 0
0 0 5 0
0.580800 0.433600 0.614933
50.000000 -5.000000 50.000000 25.000000
0 5 0 0
5 0 0 0
0 0 5 0
0.580800 0.433600 0.614933
50.000000 -5.000000 55.000000 20.000000
0 5 0 0
5 0 0 0
0 0 0 5
0.428400 0.262800 0.466800
60.000000 -5.000000 45.000000 20.000000
0 5 0 0
5 0 0 0
0 0 0 5
0.424800 0.268800 0.458400
60.000000 -5.000000 50.000000 15.000000
0 5 0 0
5 0 0 0
0 0 5 0
0.577600 0.438933 0.607467
60.000000 -5.000000 50.000000 25.000000
0 5 0 0
5 0 0 0
0 0 5 0
0.577600 0.438933 0.607467
65.000000 -5.000000 50.000000 20.000000
0 5 0 0
0 0 5 0
0 0 0 5
0.524800 0.368800 0.558400
60.000000 -5.000000 55.000000 20.000000
0 5 0 0
5 0 0 0
0 0 0 5
0.424800 0.268800 0.458400
60.000000 -5.000000 45.000000 70.000000
0 5 0 0
5 0 0 0
0 0 0 5
0.421200 0.274800 0.450000
60.000000 -5.000000 50.000000 65.000000
0 5 0 0
5 0 0 0
0 0 5 0
0.574400 0.444267 0.600000
60.000000 -5.000000 50.000000 75.000000
0 5 0 0
5 0 0 0
0 0 5 0
0.574400 0.444267 0.600000
65.000000 -5.000000 50.000000 70.000000
0 5 0 0
0 0 5 0
0 0 0 5
0.521200 0.374800 0.550000
60.000000 -5.000000 55.000000 70.000000
0 5 0 0
5 0 0 0
0 0 0 5
0.421200 0.274800 0.450000
50.000000 -5.000000 50.000000 65.000000
0 5 0 0
5 0 0 0
0 0 5 0
0.571200 0.449600 0.592533
50.000000 -5.000000 50.000000 75.000000
0 5 0 0
5 0 0 0
0 0 5 0
0.571200 0.449600 0.592533
50.000000 -5.000000 55.000000 70.000000
0 5 0 0
5 0 0 0
0 0 0 5
0.417600 0.280800 0.441600
50.000000 -5.000000 35.000000 70.000000
0 5 0 0
5 0 0 0
0 0 0 5
0.414000 0.286800 0.433200
50.000000 -5.000000 40.000000 65.000000
0 5 0 0
5 0 0 0
0 0 5 0
0.568000 0.454933 0.585067
50.000000 -5.000000 40.000000 75.000000
0 5 0 0
5 0 0 0
0 0 5 0
0.568000 0.454933 0.585067
55.000000 -5.000000 40.000000 70.000000
0 5 0 0
0 0 5 0
0 0 0 5
0.514000 0.386800 0.533200
40.000000 -5.000000 35.000000 70.000000
0 5 0 0
5 0 0 0
0 0 0 5
0.410400 0.292800 0.424800
35.000000 -5.000000 40.000000 70.000000
0 5 0 0
0 0 5 0
0 0 0 5
0.510400 0.392800 0.524800
40.000000 -5.000000 40.000000 65.000000
0 5 0 0
5 0 0 0
0 0 5 0
0.564800 0.460267 0.577600
40.000000 -5.000000 40.000000 75.000000
0 5 0 0
5 0 0 0
0 0 5 0
0.564800 0.460267 0.577600
40.000000 -5.000000 50.000000 65.000000
0 5 0 0
5 0 0 0
0 0 5 0
0.561600 0.465600 0.570133
40.000000 -5.000000 50.000000 75.000000
0 5 0 0
5 0 0 0
0 0 5 0
0.561600 0.465600 0.570133
40.000000 -5.000000 55.000000 70.000000
0 5 0 0
5 0 0 0
0 0 0 5
0.406800 0.298800 0.416400
30.000000 -5.000000 45.000000 70.000000
0 5 0 0
5 0 0 0
0 0 0 5
0.403200 0.304800 0.408000
25.000000 -5.000000 50.000000 70.000000
0 5 0 0
0 0 5 0
0 0 0 5
0.503200 0.404800 0.508000
30.000000 -5.000000 50.000000 65.000000
0 5 0 0
5 0 0 0
0 0 5 0
0.558400 0.470933 0.562667
30.000000 -5.000000 50.000000 75.000000
0 5 0 0
5 0 0 0
0 0 5 0
0.558400 0.470933 0.562667
30.000000 -5.000000 55.000000 70.000000
0 5 0 0
5 0 0 0
0 0 0 5
0.403200 0.304800 0.408000
40.000000 -5.000000 45.000000 30.000000
0 5 0 0
5 0 0 0
0 0 0 5
0.399600 0.310800 0.399600
40.000000 -5.000000 50.000000 35.000000
0 5 0 0
5 0 0 0
0 0 5 0
0.555200 0.476267 0.555200
45.000000 -5.000000 50.000000 30.000000
0 5 0 0
0 0 5 0
0 0 0 5
0.499600 0.410800 0.499600
40.000000 -5.000000 60.000000 25.000000
0 5 0 0
5 0 0 0
0 0 5 0
0.552000 0.481600 0.547733
40.000000 -5.000000 60.000000 35.000000
0 5 0 0
5 0 0 0
0 0 5 0
0.552000 0.481600 0.547733
45.000000 -5.000000 60.000000 30.000000
0 5 0 0
0 0 5 0
0 0 0 5
0.496000 0.416800 0.491200
40.000000 -5.000000 70.000000 25.000000
0 5 0 0
5 0 0 0
0 0 5 0
0.548800 0.486933 0.540267
40.000000 -5.000000 70.000000 35.000000
0 5 0 0
5 0 0 0
0 0 5 0
0.548800 0.486933 0.540267
45.000000 -5.000000 70.000000 30.000000
0 5 0 0
0 0 5 0
0 0 0 5
0.492400 0.422800 0.482800
40.000000 -5.000000 75.000000 30.000000
0 5 0 0
5 0 0 0
0 0 0 5
0.392400 0.322800 0.382800
30.000000 -5.000000 70.000000 25.000000
0 5 0 0
5 0 0 0
0 0 5 0
0.545600 0.492267 0.532800
30.000000 -5.000000 70.000000 35.000000
0 5 0 0
5 0 0 0
0 0 5 0
0.545600 0.492267 0.532800
30.000000 -5.000000 75.000000 30.000000
0 5 0 0
5 0 0 0
0 0 0 5
0.388800 0.328800 0.374400
20.000000 -5.000000 65.000000 30.000000
0 5 0 0
5 0 0 0
0 0 0 5
0.385200 0.334800 0.366000
20.000000 -5.000000 70.000000 35.000000
0 5 0 0
5 0 0 0
0 0 5 0
0.542400 0.497600 0.525333
20.000000 -5.000000 75.000000 30.000000
0 5 0 0
5 0 0 0
0 0 0 5
0.385200 0.334800 0.366000
10.000000 -5.000000 65.000000 30.000000
0 5 0 0
5 0 0 0
0 0 0 5
0.381600 0.340800 0.357600
5.000000 -5.000000 70.000000 30.000000
0 5 0 0
0 0 5 0
0 0 0 5
0.481600 0.440800 0.457600
10.000000 -5.000000 70.000000 25.000000
0 5 0 0
5 0 0 0
0 0 5 0
0.539200 0.502933 0.517867
10.000000 -5.000000 70.000000 35.000000
0 5 0 0
5 0 0 0
0 0 5 0
0.539200 0.502933 0.517867
10.000000 -5.000000 75.000000 30.000000
0 5 0 0
5 0 0 0
0 0 0 5
0.381600 0.340800 0.357600
-5.000000 -5.000000 70.000000 10.000000
0 5 0 0
0 0 5 0
0 0 0 5
0.478000 0.446800 0.449200
0.000000 -5.000000 70.000000 5.000000
0 5 0 0
5 0 0 0
0 0 5 0
0.536000 0.508267 0.510400
0.000000 -5.000000 70.000000 15.000000
0 5 0 0
5 0 0 0
0 0 5 0
0.536000 0.508267 0.510400
5.000000 -5.000000 70.000000 10.000000
0 5 0 0
0 0 5 0
0 0 0 5
0.478000 0.446800 0.449200
0.000000 -5.000000 55.000000 10.000000
0 5 0 0
5 0 0 0
0 0 0 5
0.374400 0.352800 0.340800
-5.000000 -5.000000 60.000000 10.000000
0 5 0 0
0 0 5 0
0 0 0 5
0.474400 0.452800 0.440800
0.000000 -5.000000 60.000000 15.000000
0 5 0 0
5 0 0 0
0 0 5 0
0.532800 0.513600 0.502933
0.000000 -5.000000 65.000000 0.000000
0 5 0 0
5 0 0 0
0 0 0 5
0.370800 0.358800 0.332400
10.000000 -5.000000 55.000000 0.000000
0 5 0 0
5 0 0 0
0 0 0 5
0.367200 0.364800 0.324000
15.000000 -5.000000 60.000000 0.000000
0 5 0 0
0 0 5 0
0 0 0 5
0.467200 0.464800 0.424000
5.000000 -5.000000 70.000000 0.000000
0 5 0 0
0 0 5 0
0 0 0 5
0.463600 0.470800 0.415600
10.000000 -5.000000 70.000000 -5.000000
0 5 0 0
5 0 0 0
0 0 5 0
0.523200 0.529600 0.480533
10.000000 -5.000000 70.000000 5.000000
0 5 0 0
5 0 0 0
0 0 5 0
0.523200 0.529600 0.480533
15.000000 -5.000000 70.000000 0.000000
0 5 0 0
0 0 5 0
0 0 0 5
0.463600 0.470800 0.415600
10.000000 -5.000000 55.000000 10.000000
0 5 0 0
5 0 0 0
0 0 0 5
0.360000 0.376800 0.307200
15.000000 -5.000000 60.000000 10.000000
0 5 0 0
0 0 5 0
0 0 0 5
0.460000 0.476800 0.407200
10.000000 -5.000000 65.000000 10.000000
0 5 0 0
5 0 0 0
0 0 0 5
0.360000 0.376800 0.307200
10.000000 -5.000000 55.000000 20.000000
0 5 0 0
5 0 0 0
0 0 0 5
0.356400 0.382800 0.298800
5.000000 -5.000000 60.000000 20.000000
0 5 0 0
0 0 5 0
0 0 0 5
0.456400 0.482800 0.398800
10.000000 -5.000000 60.000000 25.000000
0 5 0 0
5 0 0 0
0 0 5 0
0.516800 0.540267 0.465600
10.000000 -5.000000 65.000000 20.000000
0 5 0 0
5 0 0 0
0 0 0 5
0.356400 0.382800 0.298800
20.000000 -5.000000 55.000000 20.000000
0 5 0 0
5 0 0 0
0 0 0 5
0.352800 0.388800 0.290400
20.000000 -5.000000 60.000000 15.000000
0 5 0 0
5 0 0 0
0 0 5 0
0.513600 0.545600 0.458133
20.000000 -5.000000 60.000000 25.000000
0 5 0 0
5 0 0 0
0 0 5 0
0.513600 0.545600 0.458133
25.000000 -5.000000 60.000000 20.000000
0 5 0 0
0 0 5 0
0 0 0 5
0.452800 0.488800 0.390400
15.000000 -5.000000 70.000000 20.000000
0 5 0 0
0 0 5 0
0 0 0 5
0.449200 0.494800 0.382000
20.000000 -5.000000 70.000000 15.000000
0 5 0 0
5 0 0 0
0 0 5 0
0.510400 0.550933 0.450667
25.000000 -5.000000 70.000000 20.000000
0 5 0 0
0 0 5 0
0 0 0 5
0.449200 0.494800 0.382000
20.000000 -5.000000 80.000000 25.000000
0 5 0 0
5 0 0 0
0 0 5 0
0.507200 0.556267 0.443200
25.000000 -5.000000 80.000000 20.000000
0 5 0 0
0 0 5 0
0 0 0 5
0.445600 0.500800 0.373600
20.000000 -5.000000 85.000000 20.000000
0 5 0 0
5 0 0 0
0 0 0 5
0.345600 0.400800 0.273600
10.000000 -5.000000 75.000000 20.000000
0 5 0 0
5 0 0 0
0 0 0 5
0.342000 0.406800 0.265200
10.000000 -5.000000 80.000000 25.000000
0 5 0 0
5 0 0 0
0 0 5 0
0.504000 0.561600 0.435733
10.000000 -5.000000 85.000000 20.000000
0 5 0 0
5 0 0 0
0 0 0 5
0.342000 0.406800 0.265200
0.000000 -5.000000 75.000000 20.000000
0 5 0 0
5 0 0 0
0 0 0 5
0.338400 0.412800 0.256800
-5.000000 -5.000000 80.000000 20.000000
0 5 0 0
0 0 5 0
0 0 0 5
0.438400 0.512800 0.356800
0.000000 -5.000000 80.000000 25.000000
0 5 0 0
5 0 0 0
0 0 5 0
0.500800 0.566933 0.428267
0.000000 -5.000000 85.000000 20.000000
0 5 0 0
5 0 0 0
0 0 0 5
0.338400 0.412800 0.256800
-5.000000 -5.000000 80.000000 10.000000
0 5 0 0
0 0 5 0
0 0 0 5
0.434800 0.518800 0.348400
0.000000 -5.000000 80.000000 5.000000
0 5 0 0
5 0 0 0
0 0 5 0
0.497600 0.572267 0.420800
0.000000 -5.000000 85.000000 10.000000
0 5 0 0
5 0 0 0
0 0 0 5
0.334800 0.418800 0.248400
10.000000 -5.000000 75.000000 10.000000
0 5 0 0
5 0 0 0
0 0 0 5
0.331200 0.424800 0.240000
10.000000 -5.000000 85.000000 10.000000
0 5 0 0
5 0 0 0
0 0 0 5
0.331200 0.424800 0.240000
20.000000 -5.000000 75.000000 10.000000
0 5 0 0
5 0 0 0
0 0 0 5
0.327600 0.430800 0.231600
25.000000 -5.000000 80.000000 10.000000
0 5 0 0
0 0 5 0
0 0 0 5
0.427600 0.530800 0.331600
20.000000 -5.000000 85.000000 10.000000
0 5 0 0
5 0 0 0
0 0 0 5
0.327600 0.430800 0.231600
20.000000 -5.000000 75.000000 0.000000
0 5 0 0
5 0 0 0
0 0 0 5
0.324000 0.436800 0.223200
25.000000 -5.000000 80.000000 0.000000
0 5 0 0
0 0 5 0
0 0 0 5
0.424000 0.536800 0.323200
20.000000 -5.000000 85.000000 0.000000
0 5 0 0
5 0 0 0
0 0 0 5
0.324000 0.436800 0.223200
5.000000 -5.000000 80.000000 0.000000
0 5 0 0
0 0 5 0
0 0 0 5
0.420400 0.542800 0.314800
10.000000 -5.000000 85.000000 0.000000
0 5 0 0
5 0 0 0
0 0 0 5
0.320400 0.442800 0.214800
10.000000 -5.000000 75.000000 -10.000000
0 5 0 0
5 0 0 0
0 0 0 5
0.316800 0.448800 0.206400
5.000000 -5.000000 80.000000 -10.000000
0 5 0 0
0 0 5 0
0 0 0 5
0.416800 0.548800 0.306400
10.000000 -5.000000 80.000000 -15.000000
0 5 0 0
5 0 0 0
0 0 5 0
0.481600 0.598933 0.383467
10.000000 -5.000000 85.000000 -10.000000
0 5 0 0
5 0 0 0
0 0 0 5
0.316800 0.448800 0.206400
20.000000 -5.000000 75.000000 -10.000000
0 5 0 0
5 0 0 0
0 0 0 5
0.313200 0.454800 0.198000
20.000000 -5.000000 80.000000 -15.000000
0 5 0 0
5 0 0 0
0 0 5 0
0.478400 0.604267 0.376000
25.000000 -5.000000 80.000000 -10.000000
0 5 0 0
0 0 5 0
0 0 0 5
0.413200 0.554800 0.298000
15.000000 -5.000000 90.000000 -10.000000
0 5 0 0
0 0 5 0
0 0 0 5
0.409600 0.560800 0.289600
20.000000 -5.000000 90.000000 -15.000000
0 5 0 0
5 0 0 0
0 0 5 0
0.475200 0.609600 0.368533
20.000000 -5.000000 90.000000 -5.000000
0 5 0 0
5 0 0 0
0 0 5 0
0.475200 0.609600 0.368533
25.000000 -5.000000 90.000000 -10.000000
0 5 0 0
0 0 5 0
0 0 0 5
0.409600 0.560800 0.289600
20.000000 -5.000000 95.000000 -10.000000
0 5 0 0
5 0 0 0
0 0 0 5
0.309600 0.460800 0.189600
30.000000 -5.000000 85.000000 20.000000
0 5 0 0
5 0 0 0
0 0 0 5
0.306000 0.466800 0.181200
25.000000 -5.000000 90.000000 20.000000
0 5 0 0
0 0 5 0
0 0 0 5
0.406000 0.566800 0.281200
30.000000 -5.000000 90.000000 15.000000
0 5 0 0
5 0 0 0
0 0 5 0
0.472000 0.614933 0.361067
30.000000 -5.000000 90.000000 25.000000
0 5 0 0
5 0 0 0
0 0 5 0
0.472000 0.614933 0.361067
35.000000 -5.000000 90.000000 20.000000
0 5 0 0
0 0 5 0
0 0 0 5
0.406000 0.566800 0.281200
25.000000 -5.000000 100.000000 20.000000
0 5 0 0
0 0 5 0
0 0 0 5
0.402400 0.572800 0.272800
30.000000 -5.000000 100.000000 15.000000
0 5 0 0
5 0 0 0
0 0 5 0
0.468800 0.620267 0.353600
35.000000 -5.000000 100.000000 20.000000
0 5 0 0
0 0 5 0
0 0 0 5
0.402400 0.572800 0.272800
30.000000 -5.000000 105.000000 20.000000
0 5 0 0
5 0 0 0
0 0 0 5
0.302400 0.472800 0.172800
40.000000 -5.000000 95.000000 30.000000
0 5 0 0
5 0 0 0
0 0 0 5
0.298800 0.478800 0.164400
40.000000 -5.000000 100.000000 25.000000
0 5 0 0
5 0 0 0
0 0 5 0
0.465600 0.625600 0.346133
45.000000 -5.000000 100.000000 30.000000
0 5 0 0
0 0 5 0
0 0 0 5
0.398800 0.578800 0.264400
40.000000 -5.000000 105.000000 30.000000
0 5 0 0
5 0 0 0
0 0 0 5
0.298800 0.478800 0.164400
30.000000 -5.000000 95.000000 30.000000
0 5 0 0
5 0 0 0
0 0 0 5
0.295200 0.484800 0.156000
25.000000 -5.000000 100.000000 30.000000
0 5 0 0
0 0 5 0
0 0 0 5
0.395200 0.584800 0.256000
30.000000 -5.000000 105.000000 30.000000
0 5 0 0
5 0 0 0
0 0 0 5
0.295200 0.484800 0.156000
30.000000 -5.000000 95.000000 40.000000
0 5 0 0
5 0 0 0
0 0 0 5
0.291600 0.490800 0.147600
25.000000 -5.000000 100.000000 40.000000
0 5 0 0
0 0 5 0
0 0 0 5
0.391600 0.590800 0.247600
30.000000 -5.000000 100.000000 45.000000
0 5 0 0
5 0 0 0
0 0 5 0
0.459200 0.636267 0.331200
30.000000 -5.000000 105.000000 40.000000
0 5 0 0
5 0 0 0
0 0 0 5
0.291600 0.490800 0.147600
40.000000 -5.000000 100.000000 45.000000
0 5 0 0
5 0 0 0
0 0 5 0
0.456000 0.641600 0.323733
45.000000 -5.000000 100.000000 40.000000
0 5 0 0
0 0 5 0
0 0 0 5
0.388000 0.596800 0.239200
40.000000 -5.000000 105.000000 40.000000
0 5 0 0
5 0 0 0
0 0 0 5
0.288000 0.496800 0.139200
40.000000 -5.000000 85.000000 40.000000
0 5 0 0
5 0 0 0
0 0 0 5
0.284400 0.502800 0.130800
35.000000 -5.000000 90.000000 40.000000
0 5 0 0
0 0 5 0
0 0 0 5
0.384400 0.602800 0.230800
40.000000 -5.000000 90.000000 35.000000
0 5 0 0
5 0 0 0
0 0 5 0
0.452800 0.646933 0.316267
40.000000 -5.000000 90.000000 45.000000
0 5 0 0
5 0 0 0
0 0 5 0
0.452800 0.646933 0.316267
50.000000 -5.000000 85.000000 40.000000
0 5 0 0
5 0 0 0
0 0 0 5
0.280800 0.508800 0.122400
50.000000 -5.000000 90.000000 35.000000
0 5 0 0
5 0 0 0
0 0 5 0
0.449600 0.652267 0.308800
50.000000 -5.000000 90.000000 45.000000
0 5 0 0
5 0 0 0
0 0 5 0
0.449600 0.652267 0.308800
55.000000 -5.000000 90.000000 40.000000
0 5 0 0
0 0 5 0
0 0 0 5
0.380800 0.608800 0.222400
50.000000 -5.000000 95.000000 40.000000
0 5 0 0
5 0 0 0
0 0 0 5
0.280800 0.508800 0.122400
60.000000 -5.000000 85.000000 50.000000
0 5 0 0
5 0 0 0
0 0 0 5
0.277200 0.514800 0.114000
55.000000 -5.000000 90.000000 50.000000
0 5 0 0
0 0 5 0
0 0 0 5
0.377200 0.614800 0.214000
60.000000 -5.000000 90.000000 45.000000
0 5 0 0
5 0 0 0
0 0 5 0
0.446400 0.657600 0.301333
65.000000 -5.000000 90.000000 50.000000
0 5 0 0
0 0 5 0
0 0 0 5
0.377200 0.614800 0.214000
60.000000 -5.000000 95.000000 50.000000
0 5 0 0
5 0 0 0
0 0 0 5
0.277200 0.514800 0.114000
60.000000 -5.000000 85.000000 60.000000
0 5 0 0
5 0 0 0
0 0 0 5
0.273600 0.520800 0.105600
55.000000 -5.000000 90.000000 60.000000
0 5 0 0
0 0 5 0
0 0 0 5
0.373600 0.620800 0.205600
60.000000 -5.000000 90.000000 65.000000
0 5 0 0
5 0 0 0
0 0 5 0
0.443200 0.662933 0.293867
65.000000 -5.000000 90.000000 60.000000
0 5 0 0
0 0 5 0
0 0 0 5
0.373600 0.620800 0.205600
55.000000 -5.000000 100.000000 60.000000
0 5 0 0
0 0 5 0
0 0 0 5
0.370000 0.626800 0.197200
60.000000 -5.000000 100.000000 55.000000
0 5 0 0
5 0 0 0
0 0 5 0
0.440000 0.668267 0.286400
60.000000 -5.000000 100.000000 65.000000
0 5 0 0
5 0 0 0
0 0 5 0
0.440000 0.668267 0.286400
65.000000 -5.000000 100.000000 60.000000
0 5 0 0
0 0 5 0
0 0 0 5
0.370000 0.626800 0.197200
55.000000 -5.000000 110.000000 60.000000
0 5 0 0
0 0 5 0
0 0 0 5
0.366400 0.632800 0.188800
60.000000 -5.000000 110.000000 55.000000
0 5 0 0
5 0 0 0
0 0 5 0
0.436800 0.673600 0.278933
60.000000 -5.000000 110.000000 65.000000
0 5 0 0
5 0 0 0
0 0 5 0
0.436800 0.673600 0.278933
60.000000 -5.000000 115.000000 60.000000
0 5 0 0
5 0 0 0
0 0 0 5
0.266400 0.532800 0.088800
70.000000 -5.000000 105.000000 60.000000
0 5 0 0
5 0 0 0
0 0 0 5
0.262800 0.538800 0.080400
70.000000 -5.000000 110.000000 55.000000
0 5 0 0
5 0 0 0
0 0 5 0
0.433600 0.678933 0.271467
70.000000 -5.000000 110.000000 65.000000
0 5 0 0
5 0 0 0
0 0 5 0
0.433600 0.678933 0.271467
75.000000 -5.000000 110.000000 60.000000
0 5 0 0
0 0 5 0
0 0 0 5
0.362800 0.638800 0.180400
70.000000 -5.000000 115.000000 60.000000
0 5 0 0
5 0 0 0
0 0 0 5
0.262800 0.538800 0.080400
